1004299
1006320
100651
1007330
1007471
1009746
1009799
1012059
1012068
101448
1015552
1016277
1020628
1023054
1026132
102901
1030555
1032825
1034191
104180
1041998
1043074
1044349
1046570
104804
104805
1049315
1049641
1057844
1059309
1063772
1063905
1064550
106553
1065565
1067126
1067806
1068322
1070086
1070874
1071460
1078095
107867
1079893
1080997
1081376
1082193
1082869
1084546
108566
1098295
1098644
1101579
1108085
1108398
1110483
1111414
1123113
1125703
1125721
1125751
1132206
1135021
1136762
1138519
1139947
1140317
1143255
1143425
1144192
1144542
1146751
1148209
1148762
1149874
1149893
1150086
1151065
1151167
1151643
1153038
1156985
1157274
1157319
1157745
1158085
1159610
1160691
1160764
1162443
116438
1165898
1168164
1168428
1169187
1169915
1176920
1177667
1179813
1182141
1182184
118273
1185184
1185889
1186009
1187164
118723
1187809
1187940
1189284
1190198
1190648
1191525
1195959
1196252
1196366
1196568
1196693
1197041
1197453
1199617
1201468
1201935
1201965
1202333
1203256
1207021
120719
1209295
1209300
1209303
1214549
1215350
1217300
1217512
1218183
1218367
1219524
1219722631
1219862
1220907
1220935
1223278
122332
1225541
1225947
1225976
1226127
1231652
1232365
1232632
1234740
1235395
1235408
1237127
1246508
124781
1247974
1248082
1248171
1249788
1250123
1251804
1251875
1252049
1252187
1252334
1252343
1252348
1252359
1252377
1252389
1253369
1254238
1255045
1255048
1255335
1257112
1257424
1257469
1257914
1258819
1261059
1261677
1261865
1262417
1263658
1263717
1264030
1264525
1264684
1264686
1264710
1265156
1265842
1265955
1266604
1266607
1266638
1267545
1268303
126836
1268855
1269447
1269700
1269726
1269897
1269933
1272411
127317
127668
1278896
1279038
1279611
1280102
1281168
1282337
1282983
128357
1284256
1284904
1285044
1285198
1288471
1292026
1292526
1293670
1293692
129984
1301291
1301322
1301351
1301502
1302387
1303011
1303146
1303381
130897
1309766
1309948
1310300
1310429
1311207
1311261
1314632
1316111
1316703
1316713
1323111
1323209
1323308
1323774
1325034
1325611
1325853
1326612
1326908
1328689
1328859
133059
1330591
1336908
1339150
1341306
1343101
1343181928
134500
1345617
1346645
1347121
1347875
1347940
1348680
1349014
1349032
1351086
1352869
1353461
1353787
1354183
1354412
1359120
1360835
136193
1363080
1364825
1366355
1366663
1368110
137133
1374566
1375004
1376630
1376883
1377519
1381135
1381333
138173
1382337
1382873
1387312
1388345
1389208
1389508
1391598
1391882
1391916
1392098
139262
1393239
139331
1394027
1395595
1396538
1396546
1397909
140115
1403898
1404160
1404305
1404483
1404885
140513
140562
1405798
1405839
1405857
1407780
1408522
1410065
1413093
1414075
1416613
1418931
1419227
1420119
1421626
1421635
1423963
1424036
142753
1429974
1430006
1430008
1433036
1447349
144956
145100
145302
1454264
146812
146907
149072
151620
152955
157547
157879
159625
1652195158
168104
169230
169445
1711957027
172859
173519
173576
1748262688
178509
1821603398
186805
187238
1876188746
188730
1918850882
1925203472
1957693542
197421
197446
207590
207644
209287
209582
214279
214765
216355
216496
219004
219357
220152
222160
222805
2242823487
231086
231892
232925
233387
235151
235296
235612
23670
238214
2393701441
23942
239566
24099
24168
241904
242075
242891
243101
243515
24439
24470
245487
246400
246989
247052
25354
253933
25398
256160
256211
256377
2564310598
256689
25828
258461
2589555414
2595572013
260223
260224
260816
26085
26311
263794
2639297241
264511
26505
265503
265600
26580
2659025941
266160
26619
26640
267583
268138
268350
270647
27120
27201
273051
275698
275745
275896
27597
276794
276964
277850
27789
280115
2804083041
281468
28281
285665
286168
286376
286602
2873971861
287443
288121
288498
288725
288728
288988
289675
290643
290842
29326
293305
29332
293371
295095
295492
295868
296191
29684
29777
298641
300093
30029
302745
30283
304613
305097
305102
305717
307186335
308519
311418
312157
312252
313497
316473
316475
316479
316489
31782
323925
324218
329108
329355
329555
33737
33987
342253
342588
343882
349932
351542
359220
36116
361248
361272
361285
361343
361357
361388
361407
361557
361558
361578
363643
363660
365028
365136
365870
367226
36740
367843
374951
37509
376136
377304
378588
379627
380207
382399
38292
383318
384289
384891
38637
39196
396138
400378
40279
405501
405566
406965
40756
40757
409153
409240
411170
411620
412242
412854
413543
413607
41438
417095
422313
423004
424415
424815
425600
42610
42671
429203
42921
432402
44035
441123
441934
441942
443215
446136
448736
448786
450156
45165
452767
454854
457079
457778
461814
462446
462807
466426
466784
466872
468428
468558
469087
469790
471260
472141
473910
475603
476685
479355
479572
480316
481582
485417
486709
488956
489541
490143
493162
494172
495190
499660
499795160
501028
50259
505859
506483
506555
507269
507802
509207
511309
51213
514063
51519
516797
519349
519991
521249
521522
52225
523545
531306
533158
537219
539003
539764
540871
541551
543056
545272
546810
548787
550588
550651
553301
553482
553695
554848
557554
560819
563737
564017
564613
564703
56506
565224
565476
566386
566401
566472
569467
569988
57024
571062
571072
571084
571091
571212
571321
574541
57744
578034
579126
579188
579241
579446
579562
579618
579727
580477
580500
583001
583092
583512
584014
58546
585740
587551
587715
588385
588651
594602
59488
59677
596877
59724
598432
598476
600583
601218
601647
605937
606306
606639
60822
608537
61190
615215
615912
618703
619301
619441
61963
61967
620946
623298
627168
628166
631029
636223
640061
641091
64249
646630
647634
651447
653764
654603
655778
656870
65805
658458
658966
65897
65930
65993
66050
66059
661334
661585
66222
66453
66502
66938
66978
672372
672500
673018
673411
67420
67449
67476
67550
67574
67723
67781
68010
680513
681432
68178
681972
68576
686405
68679
690406
691320
69573
697191
69776
699710
699797
700025
701840
70263
703284
70383
705654
706035
70608
71112
71130
712367
71358
71507
715368
715442
716098
71873
719226
719497
720301
720449
722306
72237
72376
723787
72452
728697
73009
73181
731964
731969
732237
733097
734404
734915
737302
737617
737667
739169
740251
745974
74703
74772
748993
750072
750186
751281
75199
753233
753361
754566
762711
764366
765317
76535
766011
766632
766787
766957
76701
76705
768991
77162
771790
772013
774615
776996
779190
780554
780600
783952
784382
785810
785907
786329
787367
78745
789590
78998
79156
793105
796236
79642
797833
798851
800675
803792
80567
806494
806592
80885
810246
811033
813742
818833
819051
822826
823155
823379
823817
82520
82795
82800
830309
830533
831680
834228
83569
83636
83736
837447
838542
838826
839051
83923
83926
840653
841087
84149
841577
841865
842233
843256
844500
844724
844781
845039
84595
846005
848602
848899
849182
850566
852456
852745
853970
854862
854903
854909
856257
85954
863373
86352
865728
866170
866889
868109
871402
871471
873584
873593
879268
88047
88337
88457
88606
88614
88651
89468
897050
897345
89854
899608
90101
91565
92430
93586
93742
94374
94631
946810
94829
95233
95490
956163
956419
956807
956816
958929
959057
959415
959574
960392
960549
961506
961907
965886
966154
972891
974659
975216
97739
98242
983573
985763
987085
987935
988977
989014
991281
993322
993873
99459
995035
995522
996637
999131
999867
