-21474836480
1
10
1001
1002
1003
1004
1005
1006
101
102
104
11
1101
1102
1104
1105
1106
12
1201
1202
1203
1204
1205
1206
1207
1301
1303
1304
14
1401
1402
15
1501
1502
1503
1601
1602
1603
1604
1605
17
1701
1702
1703
20
2102
2103
2104
21474836491
22
2202
2204
2211
2301
24
2401
2402
2403
2404
2406
25
2506
2507
2508
26
2601
2602
2608
2801
2802
2901
2902
3002
301
302
3104
35
3501
3502
3503
3504
3505
3506
36
3601
37
3702
3703
3704
4
401
402
40209
403
40304
404
40402
40403
40404
40405
40406
40407
40408
40409
405
40501
40502
40503
40504
40505
40506
40507
40509
40510
40511
40512
40513
40515
40516
40517
40518
40519
40520
40521
5
501
502
503
504
6
601
602
605
606
607
610
611
616
7
704
8
801
803
804
805
9
901
902
