0
1000001485
1000002110
100246272
100266738
100290348
100302225
100353316
100370679
1003729896
1004350285
100468103
100621193
100666690
100735553
100735567
100737032
100737172
100737863
100750500
100753337
100766999
100771108
100772402
100776824
100782012
100782687
100783983
100836458
100843585
100853493
100856004
100868501
100869064
100870730
100872530
100877589
100880748
100886155
100886546
100898244
100900401
100902852
100917837
100929591
100938392
100951776
100982277
101012116
1010204708
101070697
101101365
101132760
1014850829
1014854592
1016196082
1016322929
1019583811
1020618323
1020667989
1021464186
1021585093
1023663634
1024455074
1024947915
1026689855
1027668975
1027688889
1029048389
1029356436
1032679758
1032707234
1033529437
1035245749
1036152564
1037765546
1039635612
1041302831
1041667264
1044501143
1047519172
1049505588
1052162881
1052974929
1054303366
1056489580
1059205450
1060506717
1061541142
1063209091
1065408206
1066729289
1067207935
1067530099
1068051358
1068435609
1071507398
1071517766
1072772627
1073548252
1076368490
1076841336
1078206114
1078217494
1081298819
1087192331
1101004994
1101035219
1101052829
1101061619
1101068906
1101072624
1101073593
1101079046
1101079856
1101086026
1101108997
1101111160
1101130994
1101153231
1101195293
1101210657
1101251429
1101253936
1101258844
1101288360
1101326786
1101327723
1101339893
1101730943
1101739737
1101754838
1101781553
1101792432
1101813242
1101817744
1101977575
1101993103
1102009768
1102083498
1102084661
1102085686
1102300568
1102449643
1102503002
1102800530
1102859462
1102908815
1102964661
1103020883
1103079007
1103097009
1103184403
1103190484
1103279730
1103288394
1103293072
1103295631
1103385669
1103396981
1103414801
1103463899
1103465176
1103476617
1103477485
1103518466
1103537147
1103570510
1103578315
1103585137
1103586360
1103589963
1103592296
1103682860
1103727446
1103866273
1103966657
1103990646
1103996046
1104081998
1104119393
1104177276
1104177756
1104199797
1104203972
1104262090
1104294598
1104303886
1104306484
1104331515
1104335553
1104337768
1104357036
1104363115
1104376468
1104478442
1104495107
1104495521
1104503802
1104521358
1104524285
1104548500
1104556467
1104563571
1104594798
1104595392
1104596611
1104617953
1104637694
1104652444
1104653289
1104655226
1104658198
1104663116
1104671453
1104671776
1104674918
1104675727
1104679338
1104687503
1104707798
1104713413
1104724491
1104726566
1104732739
1104735014
1104737392
1104747083
1104749379
1104761755
1104761849
1104762827
1104776098
1104787311
1104787730
1104792384
1104797872
1104798282
1104799277
1104801233
1104813509
1104814099
1104816419
1104820842
1104840236
1104843693
1104849442
1104853008
1104856198
1104860590
1104860768
1104860882
1104861244
1104867836
1104874803
1104877686
1104881206
1104892011
1104901764
1104914321
1104919982
1104922139
1104922540
1104928230
1104934235
1104934568
1104941153
1104942326
1104945454
1104949539
1104958157
1104960957
1104961015
1104964947
1104971671
1104972235
1104974656
1104976987
1104978770
1104980612
1104982448
1104985435
1104986690
1105008389
1105010350
1105012735
1105015446
1105018355
1105018551
1105019537
1105021359
1105031069
1105036736
1105038570
1105041047
1105041579
1105042964
1105047011
1105050275
1105053593
1105054321
1105054894
1105055684
1105056949
1105060683
1105062225
1105073563
1105073735
1105075237
1105075975
1105076751
1105076769
1105084898
1105086866
1105090476
1105091036
1105094758
1105104566
1105107985
1105110643
1105114957
1105115244
1105116045
1105117083
1105118107
1105118323
1105121220
1105124621
1105125770
1105126774
1105128524
1105131942
1105133723
1105139778
1105139832
1105140904
1105140997
1105144546
1105144620
1105150781
1105155621
1105159264
1105166447
1105167214
1105167431
1105180872
1105182576
1105182582
1105182628
1105183860
1105184770
1105186586
1105190468
1105190520
1105196118
1105198034
1105198860
1105198904
1105202452
1105205300
1105206104
1105208120
1105214092
1105215914
1105223842
1105224254
1105224518
1105225654
1105233216
1105236084
1239629206
1534127195
1619735865
1809851234
1925203472
2283532209
2542086446
2678181289
2960063858
3230289781
3311681408
3314360238
372353614
379395415
384399758
385919493
395096736
415206413
415606289
417200582
419261235
422853458
427555239
446731636
447313708
452176796
460033035
460275163
467067151
470853087
489454663
490655927
517588534
517974337
521635095
531761928
564142575
564713751
574727794
577700263
594402673
600376685
634896669
635206028
638143733
639388447
654897864
658779759
672984826
681580740
685872176
699418370
732590785
732795490
736536022
757844897
787786130
790522884
824104400
830490089
834149344
837545884
843148930
855046551
859012637
859036160
863998476
873474116
878544976
878979615
880967714
881419775
883526507
896355503
897447840
897822623
903608173
905480305
906936224
908946675
910885169
912730838
915390036
918745741
918789910
919854496
921478733
931179407
931184779
935611812
939477167
942524806
942840578
943708006
945991259
949785353
949812115
952685843
952694580
954952106
955303915
958443443
965749240
965789238
966078986
967139095
971625893
973366293
973459062
973848045
975971537
976517523
978603244
979843190
981001429
981025209
982137241
986722176
987381870
991016529
991741985
992803939
993127678
993559495
995535374
995915747
996009814
