1000311
1002606
1002741
1002790
1005450
1006192
1006336
1006413
1006508
1006984
1007036
1007148
1007444
1008419
1008561
1008578
1008765
1008916
1008939
1008975
1009223
1009668
1009842
1009870
1009883
1010114
1010748
1010993
1011482
1011492
1011649
1011721
1012362
1012669
1012677
1012769
1013139
1016615
1016684
1016817
1017022
1018308
1019098
1019491
1020111
1021004
1021586
1022560
1023267
1023752
1024236
1024537
1024912
1026557
1026758
1027163
1027174
1028071
1028186
1028376
1028842
1030321
1030365
1030411
1031067
1032231
1032511
1032526
1033479
1035049
1037943
1038177
1038366
1039161
1040389
1040776
1040838
1041106
1041324
1041760
1042018
1042039
1042052
1042208
1042507
1043410
1043465
1044241
1044513
1045435
1046434
1046967
1047784
1048410
1049319
1049913
1049925
1049930
1050112
1050249
1050656
1050671
1052752
1053597
1053787
1054053
1054074
1054313
1056625
1056917
1056951
1057244
1057254
1057940
1057983
1058040
1058190
1058279
1058525
105913
1059528
1059676
1060669
1061095
1061877
1061957
1063100
1063194
1063712
1063786
1063960
1064602
1065770
1066218
1066598
1066928
1067043
106866
1068953
1069108
1069116
1069220
1069998
1070466
1072216
1072822
1072830
1072832
1073249
1073263
1075563
1075643
1077232
1077276
1077434
1077438
1077458
1077596
1077630
1077816
1078060
1078086
1078416
1079421
1079433
1079434
1079438
1079700
1079752
1080742
1080959
1081549
1081895
1081900
1081977
1082607
1082738
1083028
1084423
1084943
1084946
1084951
1085208
1085225
1085567
1085667
1085955
1086563
1087272
1088978
1089359
1090406
1090561
1090811
1091153
1091277
1091583
1091848
1092584
1092996
1093086
1093459
1094190
1094250
1094259
1094570
1094593
1094853
1095778
1096127
1096134
1096331
109727
1098077
1098913
1099091
1099103
1099166
1099753
1100248
1100481
1101052
1101056
1101058
1101437
1101522
1102718
1102725
1103032
1103103
1103452
1104066
1104341
1104960
1105691
1106474
1106587
1106898
1106899
1106901
1106967
1106969
1107073
1107367
1107778
1108328
1108591
1108698
1108939
1109414
1109456
1109505
1109508
1109709
1110455
1111218
1113023
1113394
1113784
1113860
1114197
1114495
1114688
1114885
1115348
1116410
1116837
1117052
1118626
1118691
1118880
1119254
1119649
1120683
1120700
1120712
1120791
1120882
1121525
1121735
1121784
1121947
1122101
1122271
1122588
1123122
1123143
1123187
1123322
1123337
1124126
1124205
1124206
1125058
1125194
1125498
1125710
1125993
1126479
1126774
1126921
1127163
1127311
1127835
1128071
1128524
1129077
1129255
1129391
1129429
1129735
1129995
1130008
1130183
1130188
1130191
1130195
1130196
1130198
1130434
1130544
1130611
1131105
1131308
1131367
1131484
1131554
1132935
1132940
1132969
1133453
1133671
1134239
1135021
1136063
1136474
1137091
1137363
1137719
1137772
1137820
1137853
1137884
1137907
1137965
1138171
1138392
1138919
1139205
1139219
1140040
1140436
1140624
1140712
1141545
1141648
1141669
1141722
1141786
1142018
1142599
1142777
1142948
1143167
1143221
1143242
1143349
1143358
1143421
1143447
1143450
1143454
1144117
1144393
1144916
1144996
1145206
1145317
1145646
1145842
1146063
1146116
1146118
1146693
1147692
1148184
1148421
1148443
1148910
1148944
1149195
1149616
1150030
1150094
1150240
1150311
1150316
1150455
1150458
1150606
1150609
1150890
1151420
1151535
1151743
1151912
1152125
1152128
1152411
1152415
1152492
1152659
1152739
1152801
1152939
1153021
1153189
1153269
1153396
1153634
1153815
1154250
1154306
1154449
1154495
1154663
1154703
1154723
1155340
1155422
1155802
1156054
1156083
1156926
1157180
1157198
1157219
1157547
1157893
1157908
1158075
1158553
1158647
1158667
1158671
1158722
1158889
1159138
1159326
1159397
1159398
1159429
1159433
1159493
1159519
1159576
1159581
1159594
1160024
1160129
1160154
1160203
1160381
1160500
1160630
1160740
1160827
1160962
1160986
1161021
1161172
1161213
1161434
1161504
1161715
1161754
1162471
1162530
1162635
1162741
1162818
1163484
1163669
1164043
1164117
1164211
1164361
1164453
1164493
1164496
1164573
1164688
1164693
1164887
1165028
1165061
1165064
1165180
1165317
1165395
1165425
1165572
1165647
1165779
1165830
1165833
1165835
1165846
1165847
1165849
1165851
1165855
1165927
1166003
1166049
1166050
1166427
1166460
1166527
1166558
1166570
1166737
1166769
1166773
1166917
1167003
1167090
1167142
1167365
1167422
1167423
1167637
1167676
1167871
1168078
1168270
1168283
1168330
1168698
1168980
1169013
1169112
1169131
1169359
1169368
1169459
1169917
1170169
1170350
1170353
1170469
1170504
1170579
1170581
1170728
1170780
1170976
1170984
1170987
1171220
1171761
1172005
1172130
1172133
1172494
1172835
1172859
1172887
1172891
1173038
1173138
1173220
1173365
1173744
1173863
1174107
1174116
1174384
1174940
1175093
1175219
1175250
1175454
1175492
1175535
1175619
1176409
1176558
1177028
1177436
1178070
1178201
1178710
1178792
1178806
1178851
1179179
1179181
1179212
1179255
1179477
1179523
1179554
1179563
1179653
1179655
1179675
1179757
1179877
1180029
1180316
1180570
1180578
1180794
1180845
1180992
1181011
1181095
1181276
1181333
1181654
1181656
1181740
1181819
1182036
1182060
1182062
1182090
1182128
1182150
1182607
1182846
1182966
1183010
1183157
1183269
1183274
1183356
1183517
1183569
1183805
1183824
1183873
1183964
1183969
1183977
1184080
1184158
1184364
1184712
1184728
1184839
1184979
1185097
1185284
1185451
1185459
1186720
1186783
1186785
1186885
1186914
1187165
1187375
1187508
1187552
1187832
1188002
1188094
1188110
1188730
1189488
1189655
1189761
1189834
1189847
1190122
1190168
1190311
1190689
1190764
1190849
1190935
1191032
1191079
1191211
1191260
1191629
1192931
1193435
1193720
1194161
1194957
1194963
1195109
1195151
1195324
1195467
1195488
1195756
1195806
1196648
1197084
1197438
1197444
1197912
1197986
1198313
1198435
1198603
1198647
1198707
1198750
1198766
1198816
1199124
1199282
1199631
1199716
1199772
1199846
1199868
1199874
1200088
1200223
1200230
1200512
1200912
1200972
1201057
1201064
1201275
1201404
1201405
1201411
1201716
1201721
1201768
120177
1202341
1202343
1202344
1202357
120255
1202584
1202825
1203054
1203390
1203565
1203946
1205062
1205123
1205227
1205584
1205606
1205779
1205841
1205849
1205855
1205872
1205912
1205930
1205931
1205933
1205963
1206211
1206244
1206340
1206359
1206399
1206447
1206453
1206576
1206578
1206579
1206665
1206996
1207179
1207241
1207246
1207420
1207445
1207562
1207642
1207654
1207826
1208321
1209003
1209013
1209067
1209190
1209238
1209309
1209355
1209375
1209386
1209403
1209417
1209453
1209458
1209476
1209480
1209483
1209504
1209506
1209517
1209645
1209791
1209810
1209814
1209848
1209945
1210023
1210070
1210109
1210506
1210597
1210758
1210819
1210862
1210879
1210937
1210941
1210954
1210960
1210972
1210974
1210987
1211003
1211071
1211139
1211189
1211210
1211220
1211256
1211258
1211288
1211333
1211417
1211488
1211505
1211607
1211635
1211652
1211664
1211974
1211993
1211999
1212027
1212048
1212143
1212273
1212510
1212536
1212624
1212734
1212741
1212795
1212894
1213095
1213123
1213171
1213291
1213292
1213539
1213630
1213720
1213839
1214037
1214097
1214108
1214135
1214144
1214173
1214694
1214914
1215036
1215057
1215321
1215605
1215721
1215902
1216216
1216692
1217037
1217078
1217122
1217229
1217236
1217252
1217256
1217259
1217316
1217552
1217660
1217782
1218083
1218272
1218639
1219276
1219316
1219558
1219874
1219991
1219995
1220140
122024
1220333
1220570
1220590
1220605
1220771
1220785
1221042
1221321
1221572
1221607
1221648
1221649
1221979
1222312
1222429
1222698
1222748
122303
1223219
1223243
1223483
1223847
1224215
1224332
1224578
1224684
1225125
1225453
1225737
1225748
1225813
1225978
1226120
1226504
1226970
1227067
1227069
1227147
1227395
1227599
1227615
1227920
1227951
1227999
1228219
1229178
1229260
1229372
1229946
1229981
1230003
1230070
1230592
1230683
1230841
1230917
1230921
1231073
1231183
1231411
1231443
1231711
1231715
1232015
1232085
1232123
1232269
1232273
1232415
1232476
1232732
1232893
1232953
1233414
1233559
1233623
1233706
1233755
1233873
1233989
1234037
1234201
1234375
1234505
1234725
1234820
1234868
1235084
1235105
1235114
1235225
1235239
1235254
1235325
1235336
1235596
1235643
1235782
1236456
1236994
1237524
1237620
1238374
1238901
1238921
123902
1239693
1239722
1239725
1240119
1240160
1240322
1240361
1240453
1240568
1240983
1240999
1241005
1241153
1241555
1241613
1241738
1241746
1241814
1242004
1242007
1242114
1242444
1242526
1242537
1242612
1242662
1242691
1242707
1242779
1243294
1243394
1243740
1243764
1244200
1244273
1244303
1244349
1244429
1244516
1245277
1245374
1245851
1246194
1246297
1246312
1246676
1246689
1247149
1247450
1247509
1247520
1247608
1247610
1247616
1247630
1247662
1247682
1247755
1247771
1248109
1248143
1248145
1248185
1248216
1248756
1248768
1248788
1248795
1248802
1248903
1248905
1248919
1249021
1249037
1249044
1249070
1249100
1249129
1249276
1249289
1249552
1249735
1249768
1249951
1249979
1250203
1250305
1250460
1250463
1250604
1251164
1251250
1251266
1251270
1251337
1251431
1251439
1251479
1251532
1251548
1251589
1251591
1251592
1251657
1251786
1251808
1251848
1251879
1251929
1252093
1252147
1252176
1252187
1252247
1252307
1252422
1252423
1252482
1252530
1252536
1252604
1252614
1252689
1252784
1252866
1253049
1253868
1253915
1253922
1254038
1254152
1254247
1254472
1254676
1254724
1254782
1254918
1255090
1255265
1255308
1255344
1255350
1255573
1255861
1255865
1255899
1255944
1256013
1256020
1256219
1256270
1256276
1256410
1256624
1256712
1256738
1256762
1256830
1256851
1256950
1257014
1257088
1257146
1257153
1257214
1257256
1257320
1257321
1257509
1257533
1257614
1257688
1257689
1257824
1257843
1257852
1258006
1258067
1258180
1258340
1258565
1259044
1259997
1260081
1260381
1260900
1261600
1261843
1261894
1262015
1262040
1262108
1262214
1262337
1262595
1262619
1262701
1262711
1262757
1262861
1262887
1262928
1262944
1263040
1263125
1263187
1263417
1263421
1263425
1263431
1263434
1263585
1263772
1263824
1263952
1263957
1263960
1264054
1264063
1264114
1264145
1264235
1264258
1264314
1264412
1264548
1264560
1264680
1264714
1264751
1264811
1264930
1264935
1265114
1265154
1265221
1265249
1265309
1265408
1265713
1265867
1265869
1265870
1265927
1265929
1265951
1265961
1265982
1266166
1266267
1266299
1266319
1266416
1266655
1266677
1266833
1266854
1266865
1267031
1267073
1267118
1267237
1267249
1267470
1267476
1267564
1267587
1267679
1267702
1267708
1267831
1267840
1267886
1267980
1268008
1268090
1268123
1268131
1268194
1268197
1268198
1268232
1268252
1268288
1268329
1268381
1268384
1268494
1268777
1268781
1268783
1268790
1268860
1268904
1269010
1269049
1269075
1269084
1269123
1270241
1270274
1270308
1270534
1270649
1270687
1270769
1270887
1270899
1270964
1270966
1271024
1271211
1271243
1271301
1271361
1271592
1271599
1271615
1271770
1271811
1271901
1271933
1271939
1271952
1272026
1272085
1272242
1272654
1272839
1272998
1273009
1273118
1273124
1273175
1273276
1273303
1273313
1273317
1273883
1273970
1274068
1274400
1274768
1274908
1274920
1275064
1275082
1275210
1275212
1275219
1275279
1275396
1275408
1275503
1275512
1275565
1275589
1275798
1275803
1275816
1276058
1276297
1276302
1276340
1276341
1276343
1276439
1276647
1276651
1276726
1276762
1276783
1276803
1276807
1276817
1276893
1276897
1276902
1276964
1277046
1277117
1277160
1277176
1277244
1277307
1277394
1277511
1277749
1277764
1277788
1277790
1278008
1278018
1278129
1278183
1278265
1278431
1278449
1278688
1279009
1279221
1279260
1279370
1279395
1279464
1279466
1279470
1279533
1279559
1279560
1279589
1279660
1279678
1279683
1279777
1279899
1279906
1279911
1280065
1280279
1280374
1280568
1280601
1280852
1280856
1280858
1280929
1280975
1280984
1281156
1281199
1281237
1281314
1281416
1281749
1281858
1282000
1282072
1282211
1282245
1282282
1282384
1282396
1282412
1282445
1282487
1282517
1282589
1282599
1282720
1282770
1283570
1283627
1283848
1284012
1284059
1284122
1284168
1284534
1284542
1284593
1284607
1285474
1285613
1285957
1286036
1286088
1286484
1286485
1286805
1286991
1287055
1287127
1287173
1287305
1287309
1287340
1287367
1287376
1287411
1287420
1287465
1287501
1287579
1287638
1287655
1287708
1287709
1287814
1287867
1288034
1288289
1288290
1288308
1288465
1288475
1288541
1288545
1288617
1288868
1288907
1288911
1288990
1289029
1289047
1289055
1289059
1289093
1289126
1289127
1289482
1289500
1289715
1289746
1289783
1289784
1289836
1289963
1290282
1290319
1290335
1290349
1290353
1290354
1290358
1290361
1290405
1290495
1290506
1290515
1290550
1290639
1290641
1291126
1291341
1291406
1291443
1291469
1291568
1291662
1291777
1291905
1291941
1292059
1292072
1292124
1292170
1292214
1292260
1292282
1292325
1292447
1292547
1292557
1292631
1292644
1292666
1292698
1292705
1292741
1292781
1292916
1293031
1293101
1293121
1293231
1293461
1293473
1293611
1293727
1293850
1293855
1293994
1294076
1294098
1294143
1294273
1294361
1294632
1294648
1294670
1294683
1294705
1294725
1294742
1294752
1294755
1294907
1294916
1294920
1294934
1294967
1295018
1295557
1295624
1295736
1295815
1295917
1296053
1296065
1296094
1296110
1296135
1296147
1296156
1296274
1296340
1296348
1296477
1296502
1296570
1296714
1296824
1296872
1296936
1297046
1297079
1297084
1297091
1297101
1297156
1297488
1297520
1297535
1297555
1297652
1297805
1297817
1297875
1297885
1297964
1298021
1298193
1298201
1298265
1298469
1298570
1298775
1298805
1298917
1298951
1299043
1299050
1299052
1299221
1299244
1299321
1299357
1299494
1299560
1299603
1299654
1299678
1299692
1299800
1299840
1300084
1300265
1300421
1300544
1300593
1300735
1300958
1301030
1301038
1301060
1301220
1301431
1301508
1301536
1301611
1301629
1301655
1301812
1301817
1301925
1301980
1301985
1301992
1302007
1302091
1302104
1302106
1302227
1302229
1302257
1302439
1302484
1302505
1302538
1302572
1302714
1302814
1302902
1302916
1302947
1303035
1303051
1303061
1303159
1303245
1303259
1303443
1303551
1303616
1303679
1303724
1303753
1303811
1303903
1303931
1303997
1303998
1304012
1304084
1304094
1304107
1304118
1304122
1304204
1304225
1304228
1304655
1305124
1305246
1305265
1305295
1305307
1305329
1305417
1305460
1305480
1305532
1305544
1305649
1305662
1305676
1305696
1305810
1305918
1305985
1306051
1306219
1306227
1306264
1306366
1306403
1306510
1306615
1306775
1306840
1306955
1307030
1307161
1307183
1307234
1307272
1307275
1307285
1307303
1307375
1307378
1307402
1307406
1307454
1307512
1307518
1307583
1307606
1307623
1307664
1307667
1307734
1307737
1307755
1307776
1307832
1307850
1307869
1307886
1308002
1308122
1308135
1308209
1308216
1308237
1308281
1308291
1308378
1308380
1308383
1308452
1308479
1308511
1308515
1308521
1308680
1308709
1308766
1308867
1308878
1308881
1308884
1308885
1309288
1309385
1309463
1309469
1309471
1309527
1309576
1309948
1310092
1310101
1310128
1310155
1310209
1310219
1310252
1310366
1310384
1310410
1310447
1310584
1310711
1310961
1311026
1311096
1311114
1311228
1311396
1312077
1312091
1312553
1312623
1312652
1312688
1312696
1312722
1313237
1313270
1313319
1313343
1313480
1313616
1313782
1313941
1313994
1314007
1314014
1314037
1314194
1314221
1314245
1314310
1314312
1314346
1314350
1314406
1314414
1314438
1314477
1314514
1314526
1314541
1314552
1314602
1314604
1314740
1314786
1314796
1314798
1314878
1315150
1315181
1315265
1315368
1315372
1315425
1315459
1315465
1315477
1315589
1315598
1315604
1315614
1315698
1315772
1315777
1315826
1315834
1315843
1315846
1315847
1315848
1315875
1315882
1315942
1315949
1316020
1316042
1316069
1316150
1316174
1316296
1316333
1316342
1316385
1316389
1316398
1316414
1316478
1316555
1316568
1316578
1316590
1316640
1316659
1316722
1316753
1316756
1316805
1316810
1316818
1316851
1316874
1316914
1316925
1316947
1316976
1316986
1317010
1317016
1317082
1317123
1317127
1317154
1317164
1317190
1317222
1317227
1317230
1317244
1317245
1317257
1317286
1317356
1317372
1317438
1317461
1317489
1317494
1317496
1317513
1317647
1317669
1317670
1317672
1317723
1317821
1317919
1318073
1318091
1318094
1318123
1318163
1318211
1318298
1318373
1318403
1318405
1318501
1318649
1318682
1318724
1318734
1318750
1318761
1318764
1318819
1318831
1318834
1318844
1318926
1318950
1318978
1318983
1318985
1319024
1319030
1319045
1319084
1319143
1319188
1319230
1319248
1319294
1319308
1319329
1319333
1319340
1319349
1319362
1319386
1319391
1319392
1319470
1319472
1319483
1319498
1319529
1319570
1319608
1319645
1319677
1319680
1319697
1319702
1319711
1319750
1319834
1319861
1319977
1320015
1320059
1320200
1320219
1320225
1320239
1320307
1320335
1320344
1320360
1320365
1320386
1320419
1320437
1320476
1320477
1320488
1320497
1320561
1320583
1320623
1320640
1320654
1320666
1320678
1320680
1320729
1320733
1320734
1320797
1320798
1320814
1320834
1320838
1320880
1320887
1320960
1321012
1321047
1321050
1321055
1321070
1321148
1321178
1321203
1321216
1321228
1321243
1321274
1321305
1321307
1321313
1321344
1321353
1321360
1321367
1321388
1321448
1321480
1321490
1321502
1321528
1321543
1321546
1321555
1321647
1321699
1321720
1321799
1321856
1321880
1321943
1322012
1322114
1322128
1322236
1322237
1322239
1322631
1322680
1322776
1322822
1322827
1322885
1322938
1323010
1323027
1323028
1323032
1323074
1323163
1323186
1323197
1323212
1323298
1323346
1323349
1323392
1323424
1323443
1323510
1323512
1323523
1323542
1323572
1323590
1323608
1323659
1323665
1323705
1323728
1323799
1323822
1323825
1323859
1323885
1323896
1323962
1324004
1324007
1324039
1324097
1324139
1324173
1324222
1324229
1324268
1324304
1324307
1324362
1324379
1324405
1324414
1324467
1324517
1324528
1324532
1324545
1324577
1324650
1324706
1324708
1324772
1324774
1324785
1324799
1324810
1324811
1324856
1324868
1324894
1324896
1324945
1324949
1324956
1324957
1324970
1324987
1325027
1325039
1325061
1325062
1325069
1325081
1325083
1325099
1325126
1325138
1325146
1325200
1325213
1325237
1325252
1325290
1325294
1325301
1325344
1325351
1325353
1325389
1325401
1325430
1325431
1325467
1325476
1325478
1325479
1325489
1325495
1325532
1325547
1325566
1325574
1325593
1325613
1325614
1325621
1325623
1325660
1325662
1325669
1325677
1325678
1325685
1325728
1325733
1325734
1325735
1325788
1325789
1325795
1325854
1325900
1325930
1325941
1325952
1325979
1325980
1326008
1326017
1326037
1326053
1326076
1326089
1326098
1326119
1326145
1326150
1326172
1326207
1326264
1326271
1326303
1326307
1326311
1326317
1326327
1326331
1326377
1326403
1326421
1326425
1326432
1326459
1326523
1326571
1326586
1326589
1326603
1326618
1326642
1326710
1326872
1326881
1326904
1327018
1327036
1327118
1327233
1327241
1327246
1327253
1327278
1327297
1327320
1327375
1327408
1327418
1327462
1327506
1327528
1327555
1327559
1327575
1327578
1327589
1327593
1327596
1327630
1327645
1327649
1327720
1327809
1327844
1327868
1327881
1327930
1327934
1327938
1327970
1328004
1328016
1328070
1328101
1328106
1328108
1328111
1328132
1328151
1328166
1328179
1328197
1328251
1328253
1328347
1328381
1328440
1328448
1328469
1328482
1328507
1328514
1328542
1328548
1328558
1328576
1328590
1328603
1328619
1328623
1328640
1328647
1328670
1328705
1328727
1328746
1328747
1328854
1328895
1328908
1328931
1328957
1328998
1329052
1329063
1329105
1329113
1329124
1329127
1329196
1329211
1329252
1329303
1329376
1329388
1329420
1329421
1329509
1329574
1329579
1329595
1329605
1329616
1329634
1329662
1329723
1329724
1329832
1329922
1329925
1329939
1329945
1329948
1329967
1329971
1329982
1329998
1330008
1330046
1330084
1330087
1330094
1330098
1330148
1330185
1330187
1330241
1330252
1330261
1330262
1330266
1330268
1330273
1330350
1330374
1330399
1330408
1330482
1330584
1330623
1330646
144792
146059
147211
147986581606
150644
155462
155463
155464
155466
156376
156381
156384
156740
157178
157188
164399
168951
169195
170520
184627
187859
197343
205000
206843
207799
207802
207994
208311
211556
213152
213165
214363
21442
214567
216413
216842
216855
216864
216885
218132
218140
218147
218148
218166
218171
218174
218175
218179
218180
218182
218183
218187
218189
221419
221482
221497
222737
224791
225458
226042
226376
227368
227378
227409
228031
228308
228721
228825
229028
229450
229970
230531
230890
231057
231260
231651
231723
231975
232469
232671
232688
234186
235354
236437
237994
23833
239118
239325
241715
242708
244255
244554
244629
244640
245229
245231
24617
246464
24727
247403
247750
248317
248642
248643
248644
248645
248646
24952
249994
250442
251268
251276
251290
251918
252017
252033
252245
25412
255952
256039
256399
257834
257839
259735
264112
26420
265360
267086
27073
273161
275322
275430
275727
276170
276178
276851
277491
277574
278042
278163
278192
278623
278843
278911
279324
280330
280354
28479
284907
28621
287269
28757
288927
289226
290338
290341
29089
292874
294092
294191
294486
298279
300403
301363
303708
303741
304649
306131
306483
309827
310325
31079
311986
313270
31455
317862
319850
321643
323774
325223
325224
329785
330132
332450
333388
333444
334312
336306
336361
343885
345780
345990
346331
348377
348842
352973
353353
353666
357904
359166
359892
363811
364434
364983
365102
365147
365221
365648
368766
368890
369467
369563
369732
369923
370454
370455
370498
370559
370673
370838
37140
372004
372009
372185
372990
373088
373092
373181
373379
373455
373923
375112
375219
375692
375805
376452
377994
379222
383045
383053
385283
385487
385669
386460
386474
387995
388090
388563
388581
388602
388618
388626
390733
390896
392069
393198
393262
393636
394212
394472
394683
394818
394841
395289
395337
396067
396433
396673
396833
399656
399750
399927
400502
403214
404659
404691
409233
409384
412973
414309
414423
416580
416743
416869
418096
421858
422163
422253
422410
422450
423130
423367
424056
424291
424312
425191
427655
429303
430292
430334
432054
432088
432486
433025
433936
434000
434035
434693
435071
435168
435438
437010
437559
437573
438490
438517
441131
441156
441184
441360
441577
441641
444855
445021
445301
445516
446021
446039
446085
447203
447232
447253
447749
448042
450933
450969
454225
454243
454311
455593
456278
456355
458456
458523
459049
459713
459723
460218
460293
462463
462611
464547
467622
467643
469644
469732
470009
471016
472318
473001
473848
474389
475439
477606
477610
477616
477622
477781
478146
479202
479760
479767
483428
486514
487609
489015
490052
490078
490419
490820
491766
493897
494347
494630
494923
495363
495895
496246
501067
505148
505772
508848
508936
509295
514334
514349
515536
522956
525219
525522
526281
531633
533176
533644
534506
535372
535831
536740
536802
537238
537246
539122
539136
539140
539206
539207
539217
539224
539237
539266
539279
539280
539295
539357
540215
541146
541621
541679
541830
541925
542161
548352
551172
554082
556678
557093
559032
559320
559340
559593
561765
562447
562473
565443
565710
565876
566447
566460
566736
567307
568143
568374
569687
57328
57347
581705
582220
582452
583731
584955
585024
585533
586025
586091
587553
587750
589287
589954
590467
592726
595676
595816
595898
595950
596774
598177
598184
59831
59832
599603
599709
599724
599734
599735
599786
599898
600790
600837
60127
601640
602927
602989
605415
606011
606115
606501
606502
606508
606524
607357
608011
608046
608060
608065
608072
608280
608298
608311
608335
608341
608354
608365
608574
609017
609969
610896
610973
611190
611311
611644
612884
612901
612909
613374
614757
618061
618285
618673
618709
618994
619003
619281
619464
620403
620730
622667
622669
623700
623755
623782
623800
624471
624474
625062
625398
625827
627512
630521
631828
631897
631934
632242
633996
634015
634123
635669
639126
639164
639423
640417
640591
640755
641056
641255
641984
642029
642088
642335
642711
643120
643154
643222
643426
643752
643856
644557
645064
645217
646070
646073
646128
648316
648317
648319
648443
648446
648486
649055
649101
649107
649117
649145
649383
649505
649515
649521
650100
650192
650194
650288
650340
650478
651021
651130
651133
651390
651735
651781
652110
652113
652156
652186
652198
652333
652352
652516
652929
652932
653190
653477
653481
653489
653503
653607
654373
655344
655405
655445
655484
655916
656369
656967
657149
657959
658097
658098
658131
659329
659575
659576
659579
659989
660265
660350
660432
660517
661102
661304
661605
661633
662144
662299
662302
662308
662546
662602
663244
664338
664551
664951
665433
666769
667276
667984
668143
668176
668177
668745
669609
669619
669627
66972
669808
669817
669891
67074
670832
671373
672122
672192
672603
672604
672868
672905
673036
673142
673812
674392
674556
674579
674693
674757
675516
676665
677391
67774
677858
679873
679887
680082
68106
68154
68198
68217
683560
684968
685064
685227
686460
687252
689589
689604
690286
690311
690758
691008
691568
692052
692312
692483
692929
693006
693185
693744
693760
693801
694634
695627
696262
696399
696422
696792
698744
698772
698995
698996
700202
700328
701244
701354
702038
702335
702790
703207
703564
703578
705978
706304
707256
708633
708645
708648
709623
715801
715946
716089
716207
716413
722001
722772
724064
724230
724522
725962
726259
726304
726326
726433
727891
728170
728172
728174
728181
728609
728923
728927
729264
729540
729760
729798
73066
733683
734189
737277
739163
748659
749509
750207
750276
750335
750634
751165
751230
751503
751524
751529
751842
752169
752184
752408
752411
752625
752627
752935
752941
752951
753255
753289
753399
753618
753949
754284
756853
756888
756889
756895
757094
757112
757117
757137
757139
757226
757390
757900
758283
758286
77309434998
784707
784846
784970
784994
784998
785163
785205
785211
785214
785326
785501
785503
785709
785904
786194
787028
787037
787349
787937
788357
788691
799325
799349
799501
799508
799552
799566
799663
799762
799770
800043
800048
800053
800056
800160
800186
800306
800337
81604402294
816441
817106
818093
818238
818243
818956
819080
819385
819698
820145
820149
820486
820498
820508
820523
820799
820812
820816
820841
820867
820868
823889
824231
824389
824391
824395
824404
824410
824412
824421
824518
824585
824623
824638
824928
824973
824981
824992
825082
825096
825117
825131
825425
825455
825458
825462
825464
825472
825483
825663
825754
825976
826312
826445
826463
848313
85899369590
873350
882570
882658
882737
882764
882772
882799
888825
888874
888897
888898
888978
889824
890682
898490
898533
898591
898597
898628
898651
898652
898719
898930
898991
899012
899023
899024
899028
899033
899044
899287
899343
899504
899588
899654
899702
899891
900114
900665
900740
90194336886
902419
902571
902699
902759
902762
902776
902851
902913
902915
903035
903215
903232
903234
903280
903286
903302
903320
903332
903335
903413
903636
903638
903640
903687
903695
903702
903780
903785
903797
903798
903988
904109
904114
904334
904337
904369
904438
904523
904590
904600
904757
904863
905077
905078
905135
905285
905828
906740
906825
907045
907055
907061
907094
907243
907395
907409
907451
907757
908687
908867
910623
911201
911205
911245
911297
911443
911880
912209
912237
912752
913805
913970
914117
914121
914460
914494
914556
914734
914767
915115
915287
915893
916569
916686
916745
917069
917105
919443
920436
920748
922485
922567
922747
923858
924606
924609
925394
925809
926573
926574
928309
928408
928440
928444
928462
929272
929967
930099
930425
930452
930792
931783
931805
932387
932462
933050
933080
933096
933264
933748
933823
933845
934311
934403
935153
936449
936587
936757
936852
936916
936917
936964
937399
937807
938876
939179
940729
942835
943260
943296
943432
943800
943936
943992
944075
945018
945836
945931
946040
947429
947694
947763
947885
947914
948397
949685
949796
950240
950292
950848
950938
951023
951765
952143
952455
953128
953821
954457
954540
956654
957158
959339
959455
960428
960710
960871
960872
960873
963911
964466
964498
964853
964945
966149
966665
967444
967855
967962
968616
968905
970234
970242
970313
970371
971043
971274
971352
971731
971827
971841
971892
973203
974153
974717
976567
977220
977409
977469
980078
980875
981368
983038
984039
984140
984145
984146
984314
984428
984573
984659
987714
98784271478
988549
992045
992256
992943
994811
995814
995827
996463
998347
998757
